1	00	10
1	01	1
1	02	1
1	03	3
1	04	3
1	05	6
1	06	6
1	07	11
1	08	15
1	09	10
1	10	5
1	11	14
1	12	24
1	13	15
1	14	12
1	15	11
1	16	7
1	17	8
1	18	16
1	19	11
1	20	17
1	21	5
1	22	10
1	23	10
2	00	11
2	01	1
2	02	5
2	03	3
2	04	2
2	05	6
2	06	6
2	07	20
2	08	16
2	09	20
2	10	8
2	11	11
2	12	18
2	13	10
2	14	11
2	15	13
2	16	5
2	17	9
2	18	7
2	19	16
2	20	12
2	21	11
2	22	7
2	23	9
3	00	7
3	01	8
3	02	8
3	03	4
3	04	2
3	05	3
3	06	1
3	07	4
3	08	13
3	09	7
3	10	4
3	11	4
3	12	18
3	13	13
3	14	7
3	15	11
3	16	6
3	17	11
3	18	19
3	19	9
3	20	11
3	21	13
3	22	11
3	23	7
6	00	83
6	01	41
6	02	34
6	03	29
6	04	25
6	05	46
6	06	124
6	07	136
6	08	144
6	09	136
6	10	82
6	11	102
6	12	192
6	13	109
6	14	84
6	15	76
6	16	91
6	17	89
6	18	99
6	19	111
6	20	94
6	21	99
6	22	102
6	23	98
7	00	69
7	01	28
7	02	20
7	03	19
7	04	16
7	05	41
7	06	52
7	07	88
7	08	105
7	09	91
7	10	75
7	11	95
7	12	131
7	13	114
7	14	81
7	15	60
7	16	65
7	17	78
7	18	92
7	19	72
7	20	89
7	21	69
7	22	74
7	23	83
