01	00	28
01	01	22
01	02	16
01	03	14
01	04	14
01	05	14
01	06	24
01	07	38
01	08	53
01	09	37
01	10	22
01	11	13
01	12	55
01	13	29
01	14	27
01	15	34
01	16	23
01	17	22
01	18	27
01	19	34
01	20	36
01	21	33
01	22	38
01	23	22
02	00	13
02	01	11
02	02	10
02	03	4
02	04	5
02	05	7
02	06	8
02	07	28
02	08	34
02	09	35
02	10	27
02	11	24
02	12	23
02	13	28
02	14	34
02	15	25
02	16	25
02	17	18
02	18	31
02	19	24
02	20	27
02	21	34
02	22	29
02	23	20
03	00	26
03	01	13
03	02	11
03	03	6
03	04	6
03	05	6
03	06	17
03	07	47
03	08	84
03	09	42
03	10	14
03	11	18
03	12	42
03	13	36
03	14	22
03	15	23
03	16	27
03	17	26
03	18	34
03	19	44
03	20	25
03	21	31
03	22	34
03	23	23
04	00	22
04	01	9
04	02	11
04	03	10
04	04	4
04	05	12
04	06	30
04	07	67
04	08	73
04	09	57
04	10	26
04	11	30
04	12	43
04	13	33
04	14	24
04	15	31
04	16	24
04	17	34
04	18	40
04	19	42
04	20	27
04	21	33
04	22	35
04	23	29
05	00	20
05	01	6
05	02	4
05	03	3
05	04	4
05	05	15
05	06	33
05	07	67
05	08	96
05	09	49
05	10	21
05	11	24
05	12	52
05	13	33
05	14	27
05	15	29
05	16	21
05	17	21
05	18	31
05	19	36
05	20	30
05	21	33
05	22	34
05	23	24
06	00	23
06	01	13
06	02	8
06	03	4
06	04	9
06	05	10
06	06	35
06	07	73
06	08	133
06	09	83
06	10	38
06	11	26
06	12	78
06	13	35
06	14	30
06	15	30
06	16	30
06	17	41
06	18	35
06	19	29
06	20	38
06	21	28
06	22	35
06	23	36
07	00	13
07	01	13
07	02	14
07	03	7
07	04	8
07	05	10
07	06	37
07	07	85
07	08	142
07	09	72
07	10	42
07	11	29
07	12	75
07	13	37
07	14	34
07	15	38
07	16	14
07	17	28
07	18	40
07	19	45
07	20	38
07	21	24
07	22	24
07	23	33
08	00	22
08	01	20
08	02	5
08	03	4
08	04	7
08	05	11
08	06	50
08	07	75
08	08	124
08	09	79
08	10	40
08	11	27
08	12	62
08	13	39
08	14	32
08	15	29
08	16	24
08	17	32
08	18	38
08	19	32
08	20	36
08	21	40
08	22	34
08	23	28
09	00	21
09	01	10
09	02	5
09	03	8
09	04	9
09	05	12
09	06	29
09	07	66
09	08	78
09	09	65
09	10	25
09	11	26
09	12	59
09	13	33
09	14	31
09	15	31
09	16	30
09	17	35
09	18	37
09	19	23
09	20	37
09	21	27
09	22	31
09	23	26
10	00	25
10	01	16
10	02	6
10	03	4
10	04	3
10	05	10
10	06	34
10	07	73
10	08	157
10	09	76
10	10	33
10	11	24
10	12	75
10	13	37
10	14	39
10	15	38
10	16	22
10	17	30
10	18	37
10	19	27
10	20	30
10	21	42
10	22	42
10	23	36
11	00	24
11	01	10
11	02	8
11	03	9
11	04	8
11	05	11
11	06	24
11	07	46
11	08	55
11	09	65
11	10	21
11	11	35
11	12	43
11	13	40
11	14	31
11	15	23
11	16	26
11	17	25
11	18	35
11	19	32
11	20	30
11	21	36
11	22	27
11	23	28
12	00	23
12	01	4
12	02	8
12	03	6
12	04	3
12	05	11
12	06	33
12	07	66
12	08	86
12	09	57
12	10	32
12	11	21
12	12	59
12	13	33
12	14	36
12	15	41
12	16	21
12	17	33
12	18	34
12	19	37
12	20	26
12	21	41
12	22	35
12	23	24
13	00	23
13	01	13
13	02	10
13	03	6
13	04	4
13	05	14
13	06	26
13	07	57
13	08	104
13	09	61
13	10	31
13	11	31
13	12	51
13	13	35
13	14	23
13	15	37
13	16	31
13	17	28
13	18	30
13	19	42
13	20	35
13	21	38
13	22	31
13	23	38
14	00	18
14	01	11
14	02	4
14	03	7
14	04	8
14	05	14
14	06	58
14	07	82
14	08	128
14	09	86
14	10	38
14	11	19
14	12	83
14	13	28
14	14	21
14	15	23
14	16	24
14	17	38
14	18	39
14	19	35
14	20	43
14	21	39
14	22	26
14	23	33
15	00	16
15	01	9
15	02	8
15	03	9
15	04	9
15	05	15
15	06	52
15	07	77
15	08	96
15	09	82
15	10	25
15	11	28
15	12	58
15	13	42
15	14	30
15	15	35
15	16	28
15	17	31
15	18	38
15	19	34
15	20	28
15	21	29
15	22	29
15	23	30
16	00	26
16	01	9
16	02	14
16	03	6
16	04	3
16	05	15
16	06	40
16	07	55
16	08	90
16	09	53
16	10	28
16	11	27
16	12	67
16	13	39
16	14	34
16	15	21
16	16	23
16	17	45
16	18	42
16	19	29
16	20	43
16	21	37
16	22	40
16	23	26
17	00	28
17	01	18
17	02	9
17	03	6
17	04	2
17	05	15
17	06	55
17	07	84
17	08	139
17	09	74
17	10	36
17	11	28
17	12	90
17	13	33
17	14	25
17	15	40
17	16	44
17	17	34
17	18	38
17	19	42
17	20	46
17	21	37
17	22	37
17	23	37
18	00	27
18	01	11
18	02	11
18	03	3
18	04	10
18	05	17
18	06	54
18	07	67
18	08	106
18	09	67
18	10	28
18	11	27
18	12	66
18	13	40
18	14	31
18	15	32
18	16	26
18	17	36
18	18	36
18	19	35
18	20	34
18	21	29
18	22	31
18	23	36
19	00	25
19	01	16
19	02	7
19	03	4
19	04	4
19	05	12
19	06	35
19	07	59
19	08	85
19	09	46
19	10	25
19	11	26
19	12	58
19	13	34
19	14	37
19	15	22
19	16	23
19	17	34
19	18	36
19	19	39
19	20	29
19	21	38
19	22	28
19	23	30
20	00	20
20	01	6
20	02	6
20	03	4
20	04	12
20	05	16
20	06	32
20	07	92
20	08	139
20	09	70
20	10	41
20	11	24
20	12	79
20	13	32
20	14	26
20	15	39
20	16	33
20	17	36
20	18	46
20	19	44
20	20	40
20	21	37
20	22	35
20	23	25
21	00	20
21	01	11
21	02	5
21	03	4
21	04	9
21	05	16
21	06	45
21	07	92
21	08	136
21	09	87
21	10	30
21	11	24
21	12	77
21	13	48
21	14	27
21	15	32
21	16	33
21	17	22
21	18	41
21	19	43
21	20	44
21	21	56
21	22	52
21	23	46
22	00	30
22	01	18
22	02	6
22	03	6
22	04	2
22	05	11
22	06	43
22	07	85
22	08	107
22	09	61
22	10	37
22	11	29
22	12	55
22	13	35
22	14	25
22	15	32
22	16	29
22	17	30
22	18	43
22	19	39
22	20	30
22	21	44
22	22	36
22	23	26
23	00	32
23	01	7
23	02	11
23	03	5
23	04	6
23	05	12
23	06	33
23	07	56
23	08	93
23	09	63
23	10	39
23	11	18
23	12	55
23	13	32
23	14	32
23	15	37
23	16	21
23	17	37
23	18	43
23	19	35
23	20	42
23	21	31
23	22	29
23	23	19
24	00	16
24	01	10
24	02	1
24	03	3
24	04	5
24	05	10
24	06	42
24	07	79
24	08	123
24	09	64
24	10	34
24	11	33
24	12	95
24	13	29
24	14	27
24	15	26
24	16	36
24	17	30
24	18	39
24	19	47
24	20	44
24	21	26
24	22	27
24	23	30
25	00	29
25	01	14
25	02	9
25	03	4
25	04	5
25	05	14
25	06	40
25	07	81
25	08	101
25	09	84
25	10	46
25	11	27
25	12	65
25	13	46
25	14	39
25	15	33
25	16	27
25	17	47
25	18	41
25	19	47
25	20	29
25	21	44
25	22	38
25	23	39
26	00	27
26	01	14
26	02	3
26	03	6
26	04	10
26	05	15
26	06	32
26	07	58
26	08	125
26	09	76
26	10	23
26	11	39
26	12	79
26	13	38
26	14	37
26	15	49
26	16	32
26	17	41
26	18	29
26	19	33
26	20	21
26	21	25
26	22	37
26	23	28
27	00	15
27	01	10
27	02	10
27	03	3
27	04	7
27	05	11
27	06	42
27	07	77
27	08	133
27	09	67
27	10	34
27	11	27
27	12	86
27	13	28
27	14	30
27	15	28
27	16	34
27	17	34
27	18	32
27	19	42
27	20	43
27	21	33
27	22	33
27	23	35
28	00	31
28	01	12
28	02	9
28	03	4
28	04	2
28	05	15
28	06	47
28	07	77
28	08	134
28	09	82
28	10	29
28	11	34
28	12	72
28	13	44
28	14	28
28	15	32
28	16	41
28	17	34
28	18	35
28	19	49
28	20	46
28	21	38
28	22	48
28	23	38
29	00	16
29	01	11
29	02	4
29	03	3
29	04	3
29	05	6
29	06	17
29	07	43
29	08	72
29	09	26
29	10	15
29	11	12
29	12	49
29	13	15
29	14	13
29	15	11
29	16	7
29	17	19
29	18	20
29	19	12
29	20	14
29	21	24
29	22	14
29	23	16
30	00	9
30	01	3
30	02	6
30	03	3
30	04	3
30	05	4
30	06	23
30	07	45
30	08	69
30	09	44
30	10	28
30	11	12
30	12	40
30	13	34
30	14	14
30	15	14
30	16	14
30	17	17
30	18	17
30	19	17
30	20	12
30	21	23
30	22	17
30	23	11
31	00	19
31	01	4
31	02	6
31	03	3
31	04	3
31	05	5
31	06	12
31	07	39
31	08	75
31	09	33
31	10	23
31	11	11
31	12	47
31	13	16
31	14	11
31	15	14
31	16	12
31	17	15
31	18	24
31	19	25
31	20	12
31	21	25
31	22	15
31	23	25
