01	00	17
01	01	14
01	02	10
01	03	6
01	04	4
01	05	11
01	06	16
01	07	15
01	08	33
01	09	28
01	10	9
01	11	16
01	12	47
01	13	26
01	14	18
01	15	23
01	16	14
01	17	20
01	18	28
01	19	16
01	20	21
01	21	27
01	22	26
01	23	21
02	00	5
02	01	13
02	02	6
02	03	4
02	05	9
02	06	10
02	07	16
02	08	24
02	09	20
02	10	11
02	11	25
02	12	20
02	13	15
02	14	18
02	15	12
02	16	17
02	17	15
02	18	17
02	19	19
02	20	20
02	21	20
02	22	15
02	23	19
03	00	13
03	01	9
03	02	8
03	03	4
03	04	6
03	05	5
03	06	17
03	07	35
03	08	49
03	09	28
03	10	18
03	11	20
03	12	46
03	13	19
03	14	20
03	15	16
03	16	23
03	17	15
03	18	31
03	19	32
03	20	21
03	21	18
03	22	24
03	23	22
04	00	10
04	01	11
04	02	9
04	03	9
04	04	5
04	05	6
04	06	23
04	07	41
04	08	33
04	09	31
04	10	22
04	11	19
04	12	49
04	13	26
04	14	15
04	15	23
04	16	19
04	17	17
04	18	32
04	19	29
04	20	22
04	21	23
04	22	25
04	23	21
05	00	19
05	01	9
05	02	6
05	03	6
05	04	8
05	05	6
05	06	31
05	07	42
05	08	45
05	09	29
05	10	20
05	11	24
05	12	41
05	13	24
05	14	22
05	15	16
05	16	11
05	17	18
05	18	35
05	19	21
05	20	21
05	21	21
05	22	20
05	23	24
06	00	18
06	01	13
06	02	9
06	03	4
06	04	4
06	05	12
06	06	32
06	07	52
06	08	62
06	09	33
06	10	33
06	11	27
06	12	71
06	13	23
06	14	17
06	15	16
06	16	22
06	17	17
06	18	30
06	19	27
06	20	24
06	21	29
06	22	30
06	23	28
07	00	12
07	01	5
07	02	13
07	04	7
07	05	8
07	06	31
07	07	65
07	08	69
07	09	41
07	10	29
07	11	25
07	12	58
07	13	17
07	14	22
07	15	20
07	16	18
07	17	16
07	18	42
07	19	35
07	20	34
07	21	33
07	22	29
07	23	31
08	00	22
08	01	10
08	02	10
08	03	2
08	04	5
08	05	10
08	06	39
08	07	41
08	08	50
08	09	31
08	10	23
08	11	32
08	12	64
08	13	36
08	14	24
08	15	18
08	16	24
08	17	19
08	18	28
08	19	26
08	20	28
08	21	28
08	22	30
08	23	24
09	00	23
09	01	13
09	02	6
09	03	5
09	04	4
09	05	11
09	06	24
09	07	41
09	08	43
09	09	26
09	10	17
09	11	29
09	12	55
09	13	25
09	14	18
09	15	22
09	16	17
09	17	26
09	18	19
09	19	24
09	20	21
09	21	20
09	22	25
09	23	25
10	00	17
10	01	12
10	02	7
10	03	5
10	04	2
10	05	5
10	06	33
10	07	55
10	08	63
10	09	41
10	10	30
10	11	32
10	12	76
10	13	21
10	14	29
10	15	24
10	16	7
10	17	25
10	18	20
10	19	28
10	20	18
10	21	41
10	22	37
10	23	37
11	00	23
11	01	7
11	02	7
11	03	6
11	04	7
11	05	9
11	06	18
11	07	38
11	08	34
11	09	37
11	10	16
11	11	29
11	12	45
11	13	22
11	14	21
11	15	22
11	16	23
11	17	16
11	18	24
11	19	28
11	20	26
11	21	27
11	22	18
11	23	22
12	00	13
12	01	6
12	02	4
12	03	3
12	04	2
12	05	9
12	06	34
12	07	38
12	08	42
12	09	29
12	10	24
12	11	16
12	12	52
12	13	33
12	14	26
12	15	19
12	16	19
12	17	22
12	18	29
12	19	23
12	20	24
12	21	24
12	22	20
12	23	35
13	00	19
13	01	6
13	02	3
13	03	6
13	04	7
13	05	9
13	06	22
13	07	33
13	08	44
13	09	34
13	10	17
13	11	28
13	12	61
13	13	32
13	14	22
13	15	17
13	16	14
13	17	15
13	18	28
13	19	24
13	20	31
13	21	25
13	22	25
13	23	23
14	00	20
14	01	10
14	02	6
14	03	4
14	04	5
14	05	10
14	06	36
14	07	49
14	08	51
14	09	44
14	10	16
14	11	28
14	12	77
14	13	22
14	14	16
14	15	24
14	16	24
14	17	17
14	18	25
14	19	20
14	20	37
14	21	33
14	22	32
14	23	36
15	00	21
15	01	8
15	02	14
15	03	7
15	04	5
15	05	13
15	06	44
15	07	57
15	08	37
15	09	36
15	10	25
15	11	24
15	12	66
15	13	25
15	14	16
15	15	22
15	16	20
15	17	14
15	18	20
15	19	26
15	20	19
15	21	33
15	22	31
15	23	30
16	00	16
16	01	12
16	02	14
16	03	6
16	04	2
16	05	11
16	06	20
16	07	35
16	08	40
16	09	31
16	10	22
16	11	29
16	12	47
16	13	27
16	14	17
16	15	12
16	16	19
16	17	29
16	18	23
16	19	24
16	20	29
16	21	27
16	22	19
16	23	26
17	00	24
17	01	8
17	02	7
17	03	6
17	04	3
17	05	6
17	06	29
17	07	58
17	08	51
17	09	44
17	10	25
17	11	31
17	12	56
17	13	25
17	14	19
17	15	15
17	16	19
17	17	15
17	18	25
17	19	24
17	20	37
17	21	29
17	22	29
17	23	36
18	00	26
18	01	8
18	02	7
18	03	2
18	04	11
18	05	17
18	06	34
18	07	46
18	08	53
18	09	30
18	10	22
18	11	26
18	12	51
18	13	31
18	14	21
18	15	18
18	16	16
18	17	19
18	18	24
18	19	32
18	20	23
18	21	22
18	22	23
18	23	28
19	00	14
19	01	9
19	02	11
19	03	2
19	04	8
19	05	9
19	06	26
19	07	34
19	08	41
19	09	30
19	10	17
19	11	28
19	12	52
19	13	26
19	14	13
19	15	15
19	16	15
19	17	16
19	18	25
19	19	25
19	20	22
19	21	29
19	22	32
19	23	22
20	00	17
20	01	7
20	02	8
20	03	3
20	04	8
20	05	7
20	06	33
20	07	67
20	08	56
20	09	37
20	10	35
20	11	18
20	12	60
20	13	24
20	14	24
20	15	14
20	16	14
20	17	22
20	18	35
20	19	38
20	20	28
20	21	37
20	22	24
20	23	15
21	00	22
21	01	11
21	02	6
21	03	5
21	04	4
21	05	8
21	06	38
21	07	49
21	08	60
21	09	60
21	10	25
21	11	22
21	12	65
21	13	19
21	14	15
21	15	15
21	16	16
21	17	14
21	18	27
21	19	26
21	20	27
21	21	40
21	22	38
21	23	28
22	00	17
22	01	14
22	02	10
22	03	7
22	04	4
22	05	9
22	06	33
22	07	49
22	08	54
22	09	36
22	10	21
22	11	30
22	12	52
22	13	22
22	14	19
22	15	22
22	16	20
22	17	26
22	18	32
22	19	26
22	20	20
22	21	33
22	22	29
22	23	21
23	00	29
23	01	6
23	02	8
23	03	4
23	04	5
23	05	10
23	06	13
23	07	52
23	08	50
23	09	38
23	10	24
23	11	20
23	12	50
23	13	24
23	14	23
23	15	26
23	16	15
23	17	13
23	18	27
23	19	28
23	20	24
23	21	17
23	22	17
23	23	19
24	00	18
24	01	10
24	03	2
24	04	3
24	05	14
24	06	25
24	07	45
24	08	55
24	09	54
24	10	26
24	11	29
24	12	68
24	13	26
24	14	13
24	15	22
24	16	18
24	17	21
24	18	31
24	19	23
24	20	44
24	21	27
24	22	20
24	23	25
25	00	16
25	01	16
25	02	6
25	03	9
25	04	6
25	05	12
25	06	35
25	07	54
25	08	44
25	09	44
25	10	29
25	11	28
25	12	49
25	13	31
25	14	16
25	15	13
25	16	19
25	17	30
25	18	25
25	19	29
25	20	30
25	21	37
25	22	21
25	23	27
26	00	25
26	01	9
26	02	4
26	03	6
26	04	4
26	05	13
26	06	24
26	07	33
26	08	67
26	09	37
26	10	28
26	11	39
26	12	49
26	13	33
26	14	19
26	15	18
26	16	19
26	17	25
26	18	23
26	19	32
26	20	17
26	21	24
26	22	28
26	23	26
27	00	14
27	01	12
27	02	7
27	03	4
27	04	7
27	05	13
27	06	32
27	07	58
27	08	57
27	09	30
27	10	25
27	11	28
27	12	76
27	13	27
27	14	25
27	15	19
27	16	26
27	17	21
27	18	18
27	19	26
27	20	38
27	21	24
27	22	29
27	23	34
28	00	18
28	01	11
28	02	6
28	03	7
28	04	4
28	05	11
28	06	25
28	07	61
28	08	62
28	09	40
28	10	16
28	11	31
28	12	63
28	13	28
28	14	13
28	15	21
28	16	12
28	17	15
28	18	24
28	19	28
28	20	34
28	21	29
28	22	28
28	23	42
29	00	8
29	01	7
29	02	4
29	03	1
29	04	4
29	05	5
29	06	8
29	07	27
29	08	34
29	09	18
29	10	12
29	11	12
29	12	27
29	13	8
29	14	8
29	15	6
29	16	5
29	17	12
29	18	20
29	19	16
29	20	14
29	21	16
29	22	5
29	23	13
30	00	8
30	01	7
30	02	3
30	03	4
30	04	3
30	05	2
30	06	16
30	07	22
30	08	25
30	09	14
30	10	15
30	11	15
30	12	31
30	13	19
30	14	5
30	15	13
30	16	14
30	17	5
30	18	12
30	19	13
30	20	11
30	21	18
30	22	12
30	23	11
31	00	14
31	01	4
31	02	8
31	03	1
31	04	3
31	05	8
31	06	12
31	07	25
31	08	35
31	09	25
31	10	11
31	11	11
31	12	35
31	13	13
31	14	15
31	15	9
31	16	7
31	17	11
31	18	21
31	19	13
31	20	10
31	21	22
31	22	15
31	23	19
