1	00	82
1	01	33
1	02	26
1	03	17
1	04	17
1	05	35
1	06	135
1	07	271
1	08	482
1	09	243
1	10	113
1	11	86
1	12	289
1	13	121
1	14	97
1	15	111
1	16	103
1	17	108
1	18	135
1	19	131
1	20	117
1	21	122
1	22	118
1	23	100
2	00	73
2	01	43
2	02	32
2	03	18
2	04	22
2	05	51
2	06	158
2	07	305
2	08	464
2	09	287
2	10	110
2	11	99
2	12	257
2	13	136
2	14	107
2	15	117
2	16	92
2	17	139
2	18	141
2	19	150
2	20	137
2	21	143
2	22	134
2	23	115
3	00	86
3	01	50
3	02	21
3	03	18
3	04	23
3	05	49
3	06	188
3	07	372
3	08	578
3	09	296
3	10	111
3	11	103
3	12	307
3	13	142
3	14	120
3	15	146
3	16	93
3	17	136
3	18	158
3	19	164
3	20	126
3	21	156
3	22	142
3	23	124
4	00	94
4	01	50
4	02	43
4	03	27
4	04	28
4	05	54
4	06	168
4	07	350
4	08	569
4	09	335
4	10	157
4	11	116
4	12	320
4	13	165
4	14	130
4	15	139
4	16	128
4	17	175
4	18	173
4	19	164
4	20	174
4	21	163
4	22	147
4	23	135
5	00	115
5	01	62
5	02	36
5	03	23
5	04	26
5	05	55
5	06	180
5	07	339
5	08	569
5	09	317
5	10	159
5	11	118
5	12	333
5	13	146
5	14	124
5	15	138
5	16	135
5	17	128
5	18	173
5	19	203
5	20	172
5	21	159
5	22	160
5	23	173
