1	00	12
1	01	4
1	02	4
1	03	3
1	04	2
1	05	7
1	06	13
1	07	20
1	08	20
1	09	23
1	10	11
1	11	12
1	12	18
1	13	16
1	14	12
1	15	20
1	16	18
1	17	12
1	18	9
1	19	22
1	20	17
1	21	13
1	22	16
1	23	20
2	00	14
2	01	4
2	02	6
2	03	3
2	04	3
2	05	8
2	06	8
2	07	25
2	08	19
2	09	25
2	10	7
2	11	15
2	12	19
2	13	19
2	14	15
2	15	12
2	16	7
2	17	10
2	18	15
2	19	13
2	20	16
2	21	15
2	22	11
2	23	11
3	00	9
3	01	10
3	02	11
3	03	5
3	04	5
3	05	5
3	06	2
3	07	10
3	08	11
3	09	5
3	10	11
3	11	3
3	12	22
3	13	10
3	14	14
3	15	17
3	16	15
3	17	11
3	18	14
3	19	20
3	20	16
3	21	15
3	22	17
3	23	10
6	00	107
6	01	63
6	02	31
6	03	34
6	04	37
6	05	50
6	06	169
6	07	227
6	08	280
6	09	248
6	10	134
6	11	112
6	12	207
6	13	163
6	14	122
6	15	113
6	16	109
6	17	122
6	18	139
6	19	141
6	20	118
6	21	142
6	22	129
6	23	123
7	00	95
7	01	35
7	02	35
7	03	20
7	04	24
7	05	52
7	06	61
7	07	117
7	08	178
7	09	164
7	10	118
7	11	109
7	12	166
7	13	143
7	14	136
7	15	116
7	16	105
7	17	112
7	18	131
7	19	86
7	20	122
7	21	127
7	22	127
7	23	86
