1	00	60
1	01	27
1	02	20
1	03	17
1	04	17
1	05	32
1	06	107
1	07	198
1	08	215
1	09	142
1	10	91
1	11	85
1	12	246
1	13	90
1	14	77
1	15	67
1	16	67
1	17	67
1	18	103
1	19	105
1	20	98
1	21	103
1	22	97
1	23	109
2	00	54
2	01	42
2	02	27
2	03	19
2	04	23
2	05	30
2	06	114
2	07	210
2	08	191
2	09	151
2	10	72
2	11	99
2	12	231
2	13	82
2	14	61
2	15	64
2	16	61
2	17	67
2	18	112
2	19	94
2	20	102
2	21	119
2	22	90
2	23	96
3	00	69
3	01	45
3	02	35
3	03	11
3	04	24
3	05	38
3	06	154
3	07	228
3	08	260
3	09	157
3	10	99
3	11	118
3	12	258
3	13	99
3	14	69
3	15	71
3	16	68
3	17	73
3	18	127
3	19	116
3	20	98
3	21	133
3	22	118
3	23	115
4	00	83
4	01	62
4	02	41
4	03	21
4	04	19
4	05	42
4	06	131
4	07	226
4	08	245
4	09	152
4	10	111
4	11	122
4	12	264
4	13	112
4	14	88
4	15	89
4	16	82
4	17	93
4	18	103
4	19	126
4	20	114
4	21	133
4	22	103
4	23	112
5	00	92
5	01	42
5	02	36
5	03	14
5	04	19
5	05	44
5	06	118
5	07	212
5	08	259
5	09	190
5	10	116
5	11	121
5	12	277
5	13	105
5	14	79
5	15	90
5	16	74
5	17	71
5	18	122
5	19	121
5	20	140
5	21	148
5	22	144
5	23	151
